1 9 17 25 33 41 49 57 2 10 18 26 34 42 50 58 3 11 19 27 35 43 51 59 4 12 20 28 36 44 52 60 5 13 21 29 45 46 53 61 14 22 15 30 47 40 54 63 6 16 23 37 39 32 62 55 7 8 24 38 31 0 48 56
1 9 17 25 33 41 49 57 2 10 18 26 34 42 50 58 3 11 19 27 35 43 51 59 4 12 20 28 36 44 52 60 5 13 21 29 45 46 53 61 14 22 15 30 47 40 54 63 6 16 23 37 39 32 62 55 7 8 24 38 0 31 48 56
1 9 17 25 33 41 49 57 2 10 18 26 34 42 50 58 3 11 19 27 35 43 51 59 4 12 20 28 36 44 52 60 5 13 21 29 45 46 53 61 14 22 15 30 47 40 54 63 6 16 23 37 0 32 62 55 7 8 24 38 39 31 48 56
1 9 17 25 33 41 49 57 2 10 18 26 34 42 50 58 3 11 19 27 35 43 51 59 4 12 20 28 36 44 52 60 5 13 21 29 45 46 53 61 14 22 15 30 0 40 54 63 6 16 23 37 47 32 62 55 7 8 24 38 39 31 48 56
1 9 17 25 33 41 49 57 2 10 18 26 34 42 50 58 3 11 19 27 35 43 51 59 4 12 20 28 36 44 52 60 5 13 21 29 0 46 53 61 14 22 15 30 45 40 54 63 6 16 23 37 47 32 62 55 7 8 24 38 39 31 48 56
1 9 17 25 33 41 49 57 2 10 18 26 34 42 50 58 3 11 19 27 35 43 51 59 4 12 20 28 36 44 52 60 5 13 21 0 29 46 53 61 14 22 15 30 45 40 54 63 6 16 23 37 47 32 62 55 7 8 24 38 39 31 48 56
1 9 17 25 33 41 49 57 2 10 18 26 34 42 50 58 3 11 19 27 35 43 51 59 4 12 20 0 36 44 52 60 5 13 21 28 29 46 53 61 14 22 15 30 45 40 54 63 6 16 23 37 47 32 62 55 7 8 24 38 39 31 48 56
1 9 17 25 33 41 49 57 2 10 18 26 34 42 50 58 3 11 19 0 35 43 51 59 4 12 20 27 36 44 52 60 5 13 21 28 29 46 53 61 14 22 15 30 45 40 54 63 6 16 23 37 47 32 62 55 7 8 24 38 39 31 48 56
1 9 17 25 33 41 49 57 2 10 18 26 34 42 50 58 3 11 19 35 0 43 51 59 4 12 20 27 36 44 52 60 5 13 21 28 29 46 53 61 14 22 15 30 45 40 54 63 6 16 23 37 47 32 62 55 7 8 24 38 39 31 48 56
1 9 17 25 33 41 49 57 2 10 18 26 34 42 50 58 3 11 19 35 43 0 51 59 4 12 20 27 36 44 52 60 5 13 21 28 29 46 53 61 14 22 15 30 45 40 54 63 6 16 23 37 47 32 62 55 7 8 24 38 39 31 48 56
1 9 17 25 33 41 49 57 2 10 18 26 34 42 50 58 3 11 19 35 43 44 51 59 4 12 20 27 36 0 52 60 5 13 21 28 29 46 53 61 14 22 15 30 45 40 54 63 6 16 23 37 47 32 62 55 7 8 24 38 39 31 48 56
1 9 17 25 33 41 49 57 2 10 18 26 34 42 50 58 3 11 19 35 43 44 51 59 4 12 20 27 36 46 52 60 5 13 21 28 29 0 53 61 14 22 15 30 45 40 54 63 6 16 23 37 47 32 62 55 7 8 24 38 39 31 48 56
1 9 17 25 33 41 49 57 2 10 18 26 34 42 50 58 3 11 19 35 43 44 51 59 4 12 20 27 36 46 52 60 5 13 21 28 29 40 53 61 14 22 15 30 45 0 54 63 6 16 23 37 47 32 62 55 7 8 24 38 39 31 48 56
1 9 17 25 33 41 49 57 2 10 18 26 34 42 50 58 3 11 19 35 43 44 51 59 4 12 20 27 36 46 52 60 5 13 21 28 29 40 53 61 14 22 15 30 45 32 54 63 6 16 23 37 47 0 62 55 7 8 24 38 39 31 48 56
1 9 17 25 33 41 49 57 2 10 18 26 34 42 50 58 3 11 19 35 43 44 51 59 4 12 20 27 36 46 52 60 5 13 21 28 29 40 53 61 14 22 15 30 45 32 54 63 6 16 23 37 47 31 62 55 7 8 24 38 39 0 48 56
1 9 17 25 33 41 49 57 2 10 18 26 34 42 50 58 3 11 19 35 43 44 51 59 4 12 20 27 36 46 52 60 5 13 21 28 29 40 53 61 14 22 15 30 45 32 54 63 6 16 23 37 47 31 62 55 7 8 24 38 39 0 48 56
1 9 17 25 33 41 49 57 2 10 18 26 34 42 50 58 3 11 19 35 43 44 51 59 4 12 20 27 36 46 52 60 5 13 21 28 29 40 53 61 14 22 15 30 45 32 54 63 6 16 23 37 47 31 62 55 7 8 24 38 0 39 48 56
1 9 17 25 33 41 49 57 2 10 18 26 34 42 50 58 3 11 19 35 43 44 51 59 4 12 20 27 36 46 52 60 5 13 21 28 29 40 53 61 14 22 15 30 45 32 54 63 6 16 23 37 47 31 62 55 7 8 24 38 0 39 48 56
1 9 17 25 33 41 49 57 2 10 18 26 34 42 50 58 3 11 19 35 43 44 51 59 4 12 20 27 36 46 52 60 5 13 21 28 29 40 53 61 14 22 15 30 45 32 54 63 6 16 23 37 47 31 62 55 7 8 24 38 0 39 48 56
1 9 17 25 33 41 49 57 2 10 18 26 34 42 50 58 3 11 19 35 43 44 51 59 4 12 20 27 36 46 52 60 5 13 21 28 29 40 53 61 14 22 15 30 45 32 54 63 6 16 23 37 47 31 62 55 7 8 24 38 39 0 48 56
1 9 17 25 33 41 49 57 2 10 18 26 34 42 50 58 3 11 19 35 43 44 51 59 4 12 20 27 36 46 52 60 5 13 21 28 29 40 53 61 14 22 15 30 45 32 54 63 6 16 23 37 47 31 62 55 7 8 24 38 39 0 48 56
1 9 17 25 33 41 49 57 2 10 18 26 34 42 50 58 3 11 19 35 43 44 51 59 4 12 20 27 36 46 52 60 5 13 21 28 29 40 53 61 14 22 15 30 45 32 54 63 6 16 23 37 47 31 62 55 7 8 24 38 39 0 48 56
1 9 17 25 33 41 49 57 2 10 18 26 34 42 50 58 3 11 19 35 43 44 51 59 4 12 20 27 36 46 52 60 5 13 21 28 29 40 53 61 14 22 15 30 45 32 54 63 6 16 23 37 47 31 62 55 7 8 24 38 0 39 48 56
1 9 17 25 33 41 49 57 2 10 18 26 34 42 50 58 3 11 19 35 43 44 51 59 4 12 20 27 36 46 52 60 5 13 21 28 29 40 53 61 14 22 15 30 45 32 54 63 6 16 23 37 47 31 62 55 7 8 24 0 38 39 48 56
1 9 17 25 33 41 49 57 2 10 18 26 34 42 50 58 3 11 19 35 43 44 51 59 4 12 20 27 36 46 52 60 5 13 21 28 29 40 53 61 14 22 15 30 45 32 54 63 6 16 23 0 47 31 62 55 7 8 24 37 38 39 48 56
1 9 17 25 33 41 49 57 2 10 18 26 34 42 50 58 3 11 19 35 43 44 51 59 4 12 20 27 36 46 52 60 5 13 21 28 29 40 53 61 14 22 15 30 45 32 54 63 6 16 23 47 0 31 62 55 7 8 24 37 38 39 48 56
1 9 17 25 33 41 49 57 2 10 18 26 34 42 50 58 3 11 19 35 43 44 51 59 4 12 20 27 36 46 52 60 5 13 21 28 29 40 53 61 14 22 15 30 0 32 54 63 6 16 23 47 45 31 62 55 7 8 24 37 38 39 48 56
1 9 17 25 33 41 49 57 2 10 18 26 34 42 50 58 3 11 19 35 43 44 51 59 4 12 20 27 36 46 52 60 5 13 21 28 29 40 53 61 14 22 15 30 32 0 54 63 6 16 23 47 45 31 62 55 7 8 24 37 38 39 48 56
1 9 17 25 33 41 49 57 2 10 18 26 34 42 50 58 3 11 19 35 43 44 51 59 4 12 20 27 36 46 52 60 5 13 21 28 29 40 53 61 14 22 15 30 32 31 54 63 6 16 23 47 45 0 62 55 7 8 24 37 38 39 48 56
1 9 17 25 33 41 49 57 2 10 18 26 34 42 50 58 3 11 19 35 43 44 51 59 4 12 20 27 36 46 52 60 5 13 21 28 29 40 53 61 14 22 15 30 32 31 54 63 6 16 23 47 45 39 62 55 7 8 24 37 38 0 48 56
1 9 17 25 33 41 49 57 2 10 18 26 34 42 50 58 3 11 19 35 43 44 51 59 4 12 20 27 36 46 52 60 5 13 21 28 29 40 53 61 14 22 15 30 32 31 54 63 6 16 23 47 45 39 62 55 7 8 24 37 38 0 48 56
1 9 17 25 33 41 49 57 2 10 18 26 34 42 50 58 3 11 19 35 43 44 51 59 4 12 20 27 36 46 52 60 5 13 21 28 29 40 53 61 14 22 15 30 32 31 54 63 6 16 23 47 45 39 62 55 7 8 24 37 38 0 48 56
1 9 17 25 33 41 49 57 2 10 18 26 34 42 50 58 3 11 19 35 43 44 51 59 4 12 20 27 36 46 52 60 5 13 21 28 29 40 53 61 14 22 15 30 32 31 54 63 6 16 23 47 45 39 62 55 7 8 24 37 0 38 48 56
1 9 17 25 33 41 49 57 2 10 18 26 34 42 50 58 3 11 19 35 43 44 51 59 4 12 20 27 36 46 52 60 5 13 21 28 29 40 53 61 14 22 15 30 32 31 54 63 6 16 23 47 45 39 62 55 7 8 24 0 37 38 48 56
1 9 17 25 33 41 49 57 2 10 18 26 34 42 50 58 3 11 19 35 43 44 51 59 4 12 20 27 36 46 52 60 5 13 21 28 29 40 53 61 14 22 15 30 32 31 54 63 6 16 23 47 45 39 62 55 7 8 24 0 37 38 48 56
1 9 17 25 33 41 49 57 2 10 18 26 34 42 50 58 3 11 19 35 43 44 51 59 4 12 20 27 36 46 52 60 5 13 21 28 29 40 53 61 14 22 15 30 32 31 54 63 6 16 23 47 45 39 62 55 7 8 24 37 0 38 48 56
1 9 17 25 33 41 49 57 2 10 18 26 34 42 50 58 3 11 19 35 43 44 51 59 4 12 20 27 36 46 52 60 5 13 21 28 29 40 53 61 14 22 15 30 32 31 54 63 6 16 23 47 45 39 62 55 7 8 24 37 0 38 48 56
1 9 17 25 33 41 49 57 2 10 18 26 34 42 50 58 3 11 19 35 43 44 51 59 4 12 20 27 36 46 52 60 5 13 21 28 29 40 53 61 14 22 15 30 32 31 54 63 6 16 23 47 45 39 62 55 7 8 24 0 37 38 48 56
1 9 17 25 33 41 49 57 2 10 18 26 34 42 50 58 3 11 19 35 43 44 51 59 4 12 20 27 36 46 52 60 5 13 21 28 29 40 53 61 14 22 15 30 32 31 54 63 6 16 23 0 45 39 62 55 7 8 24 47 37 38 48 56
1 9 17 25 33 41 49 57 2 10 18 26 34 42 50 58 3 11 19 35 43 44 51 59 4 12 20 27 36 46 52 60 5 13 21 28 29 40 53 61 14 22 15 0 32 31 54 63 6 16 23 30 45 39 62 55 7 8 24 47 37 38 48 56
1 9 17 25 33 41 49 57 2 10 18 26 34 42 50 58 3 11 19 35 43 44 51 59 4 12 20 27 36 46 52 60 5 13 21 28 29 40 53 61 14 22 0 15 32 31 54 63 6 16 23 30 45 39 62 55 7 8 24 47 37 38 48 56
1 9 17 25 33 41 49 57 2 10 18 26 34 42 50 58 3 11 19 35 43 44 51 59 4 12 20 27 36 46 52 60 5 13 0 28 29 40 53 61 14 22 21 15 32 31 54 63 6 16 23 30 45 39 62 55 7 8 24 47 37 38 48 56
1 9 17 25 33 41 49 57 2 10 18 26 34 42 50 58 3 11 19 35 43 44 51 59 4 12 20 27 36 46 52 60 5 13 28 0 29 40 53 61 14 22 21 15 32 31 54 63 6 16 23 30 45 39 62 55 7 8 24 47 37 38 48 56
1 9 17 25 33 41 49 57 2 10 18 26 34 42 50 58 3 11 19 35 43 44 51 59 4 12 20 27 36 46 52 60 5 13 28 29 0 40 53 61 14 22 21 15 32 31 54 63 6 16 23 30 45 39 62 55 7 8 24 47 37 38 48 56
1 9 17 25 33 41 49 57 2 10 18 26 34 42 50 58 3 11 19 35 43 44 51 59 4 12 20 27 36 46 52 60 5 13 28 29 40 0 53 61 14 22 21 15 32 31 54 63 6 16 23 30 45 39 62 55 7 8 24 47 37 38 48 56
1 9 17 25 33 41 49 57 2 10 18 26 34 42 50 58 3 11 19 35 43 44 51 59 4 12 20 27 36 46 52 60 5 13 28 29 40 31 53 61 14 22 21 15 32 0 54 63 6 16 23 30 45 39 62 55 7 8 24 47 37 38 48 56
1 9 17 25 33 41 49 57 2 10 18 26 34 42 50 58 3 11 19 35 43 44 51 59 4 12 20 27 36 46 52 60 5 13 28 29 40 31 53 61 14 22 21 15 32 39 54 63 6 16 23 30 45 0 62 55 7 8 24 47 37 38 48 56
1 9 17 25 33 41 49 57 2 10 18 26 34 42 50 58 3 11 19 35 43 44 51 59 4 12 20 27 36 46 52 60 5 13 28 29 40 31 53 61 14 22 21 15 32 39 54 63 6 16 23 30 45 38 62 55 7 8 24 47 37 0 48 56
1 9 17 25 33 41 49 57 2 10 18 26 34 42 50 58 3 11 19 35 43 44 51 59 4 12 20 27 36 46 52 60 5 13 28 29 40 31 53 61 14 22 21 15 32 39 54 63 6 16 23 30 45 38 62 55 7 8 24 47 37 0 48 56
1 9 17 25 33 41 49 57 2 10 18 26 34 42 50 58 3 11 19 35 43 44 51 59 4 12 20 27 36 46 52 60 5 13 28 29 40 31 53 61 14 22 21 15 32 39 54 63 6 16 23 30 45 38 62 55 7 8 24 47 37 0 48 56
1 9 17 25 33 41 49 57 2 10 18 26 34 42 50 58 3 11 19 35 43 44 51 59 4 12 20 27 36 46 52 60 5 13 28 29 40 31 53 61 14 22 21 15 32 39 54 63 6 16 23 30 45 38 62 55 7 8 24 47 37 0 48 56


['Down;', 'Down;', 'Down;', 'Right;', 'Right;', 'Right;', 'Up;', 'Left;', 'Up;', 'Up;', 'Left;', 'Down;', 'Right;', 'Down;', 'Left;', 'Left;', 'Down;', 'Down;', 'Right;', 'Up;', 'Right;', 'Up;', 'Left;', 'Left;', 'Down;', 'Down;', 'Right;', 'Down;', 'Down;', 'Left;', 'Down;', 'Right;', 'Right;', 'Up;', 'Up;', 'Left;', 'Up;', 'Up;', 'Up;', 'Left;']